6 0.855440 0.449620 0.289040 0.603480
3 0.829710 0.658230 0.057500 0.073110
3 0.739800 0.627050 0.057500 0.073110
3 0.667840 0.664230 0.057500 0.073110
3 0.360310 0.881250 0.094670 0.082720
3 0.418450 0.854890 0.057500 0.073110
2 0.359080 0.436990 0.124700 0.241060
2 0.486240 0.348870 0.112750 0.223120
2 0.435250 0.406450 0.204990 0.316550
2 0.599500 0.366900 0.204990 0.316550
2 0.836900 0.428020 0.205040 0.316550
2 0.291330 0.502360 0.205040 0.316550
0 0.363290 0.193590 0.077780 0.111470
0 0.305750 0.269760 0.068250 0.079100
0 0.438820 0.206230 0.068250 0.079100
0 0.770980 0.218220 0.082670 0.079100
0 0.531150 0.202610 0.068210 0.079100
0 0.210390 0.290140 0.068250 0.079100
4 0.775740 0.258920 0.083910 0.038320
2 0.112060 0.507160 0.224170 0.316550
1 0.231950 0.615010 0.049120 0.064770
3 0.655850 0.742140 0.055160 0.067150
3 0.575510 0.777520 0.045550 0.063540
3 0.505930 0.815880 0.057500 0.073110
6 0.624670 0.460110 0.290230 0.623350
1 0.128860 0.698970 0.073150 0.105420
0 0.026370 0.260150 0.052690 0.079100
6 0.350150 0.569600 0.366220 0.677640
6 0.201880 0.598080 0.403750 0.803750
