10 0.459920 0.785720 0.084180 0.082440
9 0.609290 0.627700 0.071180 0.060790
9 0.468620 0.640790 0.062940 0.069260
7 0.484920 0.317100 0.216430 0.227470
6 0.503230 0.590890 0.530050 0.804940
5 0.493250 0.596200 0.380220 0.325890
8 0.518380 0.472920 0.110140 0.062940
9 0.667700 0.762970 0.101900 0.110600
9 0.369150 0.799770 0.097370 0.101900
4 0.470730 0.327990 0.127440 0.058410
7 0.515130 0.461020 0.156050 0.159950
5 0.517280 0.630950 0.203660 0.249120
6 0.524880 0.623440 0.266420 0.432870
10 0.608190 0.785670 0.073790 0.117100
