10 0.644680 0.796340 0.096360 0.080570
10 0.727030 0.794550 0.096360 0.080570
10 0.904050 0.791070 0.096360 0.080610
10 0.371300 0.785810 0.096360 0.080570
5 0.665050 0.392030 0.177750 0.190430
5 0.217400 0.415010 0.209520 0.185720
10 0.184710 0.791070 0.096360 0.080570
6 0.782880 0.461620 0.434150 0.655390
6 0.732300 0.528180 0.438090 0.655390
6 0.227650 0.514170 0.438090 0.655390
8 0.676220 0.221520 0.068300 0.022750
8 0.685010 0.326670 0.068350 0.022750
8 0.203980 0.255660 0.068300 0.022750
7 0.685010 0.279330 0.092880 0.047290
7 0.679740 0.177710 0.092840 0.047290
7 0.179450 0.215380 0.092880 0.047290
9 0.569330 0.251320 0.068300 0.068300
9 0.826920 0.452830 0.068300 0.068300
9 0.499240 0.300390 0.068300 0.068300
9 0.388830 0.517690 0.068300 0.068300
9 0.046280 0.404670 0.068300 0.068300
