6 0.942180 0.555690 0.115590 0.239460
6 0.841150 0.564340 0.204900 0.286380
6 0.625090 0.559400 0.133300 0.227150
6 0.513980 0.595240 0.276540 0.328360
6 0.196700 0.637170 0.328400 0.446880
9 0.965800 0.626090 0.064180 0.083960
7 0.932480 0.463130 0.076540 0.083910
7 0.859650 0.468070 0.113570 0.093800
7 0.616480 0.482860 0.101210 0.054290
7 0.490550 0.461890 0.120990 0.091330
7 0.162100 0.500160 0.160490 0.108630
4 0.862210 0.513760 0.122040 0.077410
4 0.186360 0.520350 0.103640 0.043260
5 0.910410 0.570890 0.179080 0.304460
5 0.851730 0.563010 0.271640 0.299200
5 0.540030 0.616800 0.359580 0.265050
5 0.227700 0.688300 0.364800 0.308400
9 0.673240 0.586590 0.081440 0.103690
9 0.821380 0.649530 0.081440 0.081440
9 0.318930 0.684090 0.093800 0.101210
4 0.926530 0.480340 0.103640 0.036710
4 0.526890 0.494120 0.086560 0.048520
