8 0.716550 0.244310 0.087620 0.031540
8 0.483500 0.135640 0.087620 0.031540
7 0.146990 0.442300 0.154180 0.091100
7 0.748090 0.179450 0.154180 0.091100
7 0.446690 0.077820 0.154180 0.091100
6 0.165440 0.722910 0.134910 0.554130
9 0.187320 0.715720 0.078830 0.084090
9 0.104920 0.659650 0.078830 0.084090
5 0.372170 0.443630 0.268210 0.487300
9 0.632410 0.489630 0.078830 0.084090
9 0.546530 0.484370 0.078830 0.084090
9 0.519430 0.566770 0.078830 0.084090
8 0.155730 0.498370 0.087620 0.031490
5 0.759490 0.518150 0.280930 0.395150
6 0.753400 0.571980 0.301400 0.837630
6 0.395880 0.513300 0.315400 0.965580
5 0.165030 0.688080 0.123780 0.277780
