7 0.501580 0.220600 0.087300 0.063450
5 0.501580 0.690460 0.153950 0.185670
5 0.610300 0.330920 0.153950 0.185720
1 0.558710 0.484090 0.055530 0.077780
1 0.588050 0.400730 0.055530 0.077730
9 0.345200 0.769790 0.055530 0.031720
9 0.376150 0.796800 0.055530 0.031720
10 0.271370 0.872190 0.104740 0.046010
10 0.258690 0.931750 0.104740 0.046010
10 0.719020 0.684090 0.104740 0.046010
10 0.775370 0.690460 0.106340 0.074620
7 0.421380 0.577750 0.087300 0.063450
6 0.383290 0.756330 0.420600 0.439690
6 0.626920 0.436440 0.428560 0.568230
