8 0.501850 0.147770 0.102860 0.032550
3 0.506390 0.832140 0.164480 0.145020
7 0.291780 0.116870 0.142280 0.138890
7 0.488990 0.119480 0.197160 0.099430
7 0.706750 0.145200 0.135450 0.123410
8 0.302950 0.148640 0.095990 0.051410
5 0.699020 0.404760 0.255390 0.350420
8 0.698190 0.165760 0.094250 0.047970
9 0.253190 0.254930 0.075390 0.106290
9 0.506110 0.543830 0.084000 0.084000
9 0.793320 0.254930 0.065140 0.106290
6 0.268670 0.429800 0.260610 0.775010
6 0.484690 0.446100 0.209160 0.742410
6 0.711010 0.446970 0.260610 0.754410
3 0.423030 0.782420 0.110370 0.119250
5 0.284600 0.354960 0.227470 0.303230
5 0.494580 0.387320 0.270770 0.411260
