5 0.407460 0.479290 0.047430 0.044590
3 0.369880 0.557980 0.080930 0.046010
3 0.660330 0.673010 0.087300 0.047610
3 0.730970 0.647650 0.073010 0.044400
3 0.391580 0.641290 0.061980 0.066150
5 0.681570 0.652640 0.057540 0.048890
5 0.385900 0.574960 0.058960 0.040240
5 0.512470 0.566950 0.084050 0.083820
0 0.530970 0.481760 0.073010 0.058690
0 0.616710 0.515910 0.079380 0.060290
5 0.519710 0.546170 0.110780 0.097830
5 0.604580 0.551200 0.116550 0.102130
6 0.658090 0.588140 0.233780 0.218810
6 0.444770 0.532200 0.266740 0.178850
5 0.588780 0.645460 0.056120 0.060430
