7 0.267290 0.288940 0.166400 0.166860
7 0.148180 0.401510 0.296410 0.283770
8 0.285690 0.300850 0.103640 0.073790
8 0.428560 0.296500 0.077680 0.047790
8 0.235890 0.425310 0.116640 0.053880
7 0.409060 0.281670 0.108400 0.110370
7 0.885330 0.396060 0.229300 0.264270
6 0.184940 0.532430 0.365760 0.605810
9 0.466420 0.435160 0.071180 0.064910
9 0.394050 0.515130 0.138520 0.077680
6 0.279190 0.364710 0.337420 0.400180
9 0.745750 0.590980 0.196930 0.125520
9 0.715360 0.659190 0.110140 0.106020
6 0.800780 0.547590 0.398350 0.636120
6 0.417620 0.324650 0.246740 0.320120
4 0.838730 0.435020 0.144790 0.081990
5 0.169880 0.593040 0.313620 0.467700
