3 0.545250 0.689270 0.059650 0.123410
6 0.578670 0.453740 0.120990 0.681440
4 0.081250 0.134770 0.069950 0.039050
3 0.601830 0.728360 0.074070 0.144010
2 0.746900 0.511280 0.150190 0.302450
2 0.595650 0.375460 0.102860 0.281900
2 0.463950 0.412500 0.119300 0.244820
2 0.353860 0.371340 0.121360 0.216020
2 0.234520 0.355920 0.121360 0.255120
2 0.082260 0.329180 0.137830 0.308630
0 0.768460 0.296270 0.102860 0.127530
0 0.599770 0.162510 0.061710 0.123410
3 0.204720 0.629620 0.065830 0.127530
6 0.461390 0.456210 0.113570 0.558020
6 0.355180 0.426550 0.093800 0.558020
6 0.236670 0.416710 0.108630 0.632090
0 0.473200 0.248940 0.067890 0.098740
6 0.088530 0.442620 0.158020 0.812310
0 0.352850 0.224260 0.078190 0.106980
0 0.241750 0.178990 0.074070 0.098740
0 0.076080 0.089450 0.080200 0.067890
3 0.759210 0.812730 0.072010 0.131650
3 0.683090 0.802430 0.055530 0.144010
3 0.487620 0.678970 0.047290 0.086380
3 0.424860 0.658410 0.057590 0.086380
6 0.732980 0.559900 0.182700 0.691330
3 0.376520 0.618270 0.039050 0.109040
3 0.318880 0.603890 0.051410 0.125470
3 0.061710 0.736600 0.076080 0.102860
3 0.127530 0.676910 0.076080 0.090500
3 0.264360 0.621380 0.041150 0.127530
