6 0.788880 0.500800 0.246100 0.953310
0 0.555600 0.186540 0.223800 0.230120
0 0.773040 0.096860 0.150740 0.130190
4 0.542870 0.325430 0.166630 0.079330
4 0.781780 0.184160 0.101580 0.038090
1 0.475440 0.605580 0.250770 0.138060
1 0.650030 0.561140 0.187270 0.204760
1 0.840510 0.303230 0.082540 0.073010
1 0.969050 0.338110 0.060290 0.212680
6 0.829070 0.371660 0.334490 0.681030
6 0.476590 0.534720 0.689450 0.928040
6 0.485150 0.535450 0.641150 0.910920
5 0.774780 0.614690 0.259740 0.666830
5 0.522730 0.741310 0.556470 0.504510
