3 0.484230 0.537420 0.080020 0.119390
5 0.530830 0.374000 0.133850 0.154820
5 0.643720 0.417300 0.157470 0.204720
5 0.763150 0.490820 0.238820 0.283450
4 0.775600 0.334630 0.108900 0.049850
4 0.614190 0.314310 0.090550 0.030170
3 0.545940 0.753950 0.132520 0.072140
3 0.526250 0.765120 0.171890 0.076080
3 0.401560 0.561040 0.116780 0.164020
3 0.532800 0.573500 0.111510 0.120710
6 0.675940 0.530830 0.411540 0.551430
6 0.639920 0.389930 0.121360 0.253060
6 0.492790 0.390940 0.185170 0.275720
9 0.667660 0.576100 0.065830 0.115180
9 0.749970 0.416660 0.074070 0.104920
7 0.543140 0.281940 0.063860 0.061710
7 0.615200 0.302450 0.084320 0.053470
7 0.774690 0.312750 0.123460 0.094620
