2 0.711920 0.413550 0.104920 0.144010
3 0.322000 0.637860 0.069950 0.061710
3 0.686150 0.596660 0.082350 0.057540
3 0.685150 0.604940 0.088720 0.053880
3 0.794230 0.493800 0.051410 0.069950
2 0.299750 0.450220 0.140440 0.182010
1 0.345660 0.446510 0.030850 0.057590
1 0.610070 0.453700 0.036990 0.051410
3 0.324650 0.641660 0.081990 0.058410
3 0.506570 0.759720 0.043260 0.065140
2 0.523780 0.549650 0.173360 0.207780
2 0.712110 0.414370 0.117050 0.166630
0 0.720760 0.316000 0.091100 0.069440
3 0.552990 0.777160 0.071180 0.060610
6 0.702590 0.445370 0.220140 0.393000
6 0.474160 0.572950 0.265420 0.438270
6 0.294120 0.475210 0.172810 0.382700
0 0.280290 0.338610 0.088940 0.067060
0 0.282900 0.343600 0.082310 0.074070
0 0.512340 0.418720 0.088440 0.088440
0 0.716040 0.319940 0.096680 0.063770
2 0.301440 0.450580 0.123460 0.156330
2 0.510280 0.548360 0.158430 0.211900
3 0.787870 0.492520 0.056490 0.088720
0 0.510780 0.417850 0.086340 0.082220
