6 0.716550 0.493160 0.292650 0.981410
5 0.718330 0.600920 0.238270 0.583520
5 0.285420 0.594780 0.238270 0.583570
5 0.564070 0.543970 0.238270 0.583520
7 0.376610 0.137380 0.161180 0.168180
7 0.744560 0.088350 0.161180 0.168180
7 0.574590 0.027470 0.161180 0.054980
7 0.223160 0.022250 0.114080 0.044500
9 0.344200 0.774410 0.124380 0.134910
9 0.490460 0.806820 0.124380 0.134910
8 0.371340 0.246920 0.154180 0.092880
6 0.312660 0.519430 0.292650 0.918240
6 0.543050 0.463360 0.292650 0.918240
4 0.571390 0.092840 0.130140 0.046010
4 0.216620 0.072970 0.106340 0.047610
4 0.707120 0.215010 0.141270 0.065050
