0 0.747910 0.300390 0.049350 0.036990
6 0.101810 0.508130 0.203620 0.567860
6 0.284870 0.497830 0.211900 0.534950
6 0.511240 0.488580 0.174910 0.639920
6 0.782830 0.557520 0.146070 0.555550
6 0.701530 0.424810 0.065870 0.351840
6 0.601740 0.398030 0.055530 0.232500
0 0.312750 0.282900 0.076080 0.055530
0 0.049390 0.290140 0.088440 0.065830
0 0.508220 0.229390 0.080200 0.059650
0 0.805540 0.313800 0.074070 0.072010
0 0.595650 0.309640 0.032910 0.030850
0 0.404300 0.308630 0.028790 0.028790
0 0.355960 0.328180 0.039050 0.039050
0 0.221190 0.304510 0.041150 0.037030
0 0.268530 0.309640 0.028790 0.043170
2 0.098740 0.439280 0.170750 0.191300
2 0.277780 0.455760 0.199540 0.211900
2 0.512340 0.388880 0.146070 0.181050
2 0.789110 0.452690 0.115180 0.168690
2 0.731470 0.381690 0.090550 0.117240
2 0.601830 0.369330 0.045230 0.051410
2 0.223250 0.343600 0.053470 0.041110
3 0.080250 0.747910 0.063770 0.076080
3 0.158430 0.731520 0.096680 0.063810
3 0.458820 0.742780 0.092560 0.090500
3 0.569920 0.747910 0.076080 0.109040
3 0.743830 0.750010 0.082260 0.067890
3 0.817900 0.768510 0.065830 0.100800
3 0.690320 0.570980 0.053470 0.059650
