1 0.581870 0.639920 0.096270 0.101210
5 0.227560 0.639920 0.340720 0.600000
5 0.860880 0.672010 0.274070 0.441930
5 0.715220 0.542370 0.150610 0.153080
5 0.543600 0.606590 0.123410 0.276540
6 0.804030 0.572490 0.391850 0.720990
7 0.297600 0.221930 0.253420 0.162330
7 0.528130 0.385350 0.112340 0.099520
7 0.581140 0.389610 0.132250 0.120990
6 0.243490 0.550840 0.404530 0.872050
6 0.548680 0.556240 0.192860 0.519660
6 0.670950 0.556370 0.311880 0.610350
7 0.703460 0.326800 0.185900 0.125750
7 0.874430 0.351710 0.198900 0.158210
1 0.696680 0.721400 0.128400 0.106160
1 0.446100 0.626320 0.091330 0.103690
