6 0.649300 0.437350 0.202330 0.226320
6 0.141770 0.471690 0.257180 0.253740
5 0.403660 0.491650 0.244770 0.143790
5 0.133670 0.506750 0.249810 0.173910
5 0.659050 0.473750 0.214470 0.168050
5 0.856030 0.473010 0.240380 0.166670
8 0.112520 0.429620 0.121400 0.067290
8 0.401600 0.443720 0.106020 0.043080
7 0.104050 0.403940 0.130280 0.107990
7 0.391260 0.399630 0.125150 0.102860
6 0.871370 0.419360 0.238320 0.258870
7 0.662170 0.377340 0.107990 0.089130
7 0.863630 0.345620 0.089130 0.090870
8 0.656170 0.400500 0.078870 0.046280
8 0.879930 0.361910 0.063400 0.041110
6 0.408380 0.470820 0.296640 0.262300
