7 0.785670 0.188880 0.174590 0.074570
8 0.248390 0.267430 0.115860 0.036480
8 0.512660 0.307900 0.115860 0.036480
8 0.772990 0.241250 0.115860 0.036480
9 0.250770 0.596800 0.085690 0.085690
9 0.448390 0.599180 0.084090 0.087300
9 0.576150 0.596800 0.084090 0.087300
9 0.604760 0.357110 0.084090 0.087300
5 0.226960 0.496770 0.269810 0.295220
6 0.840880 0.536510 0.318240 0.785670
7 0.206320 0.192810 0.174550 0.074570
7 0.507900 0.252370 0.174550 0.074570
6 0.531750 0.536510 0.338060 0.785670
6 0.205490 0.532480 0.338060 0.785720
5 0.784890 0.464230 0.309500 0.287300
5 0.512660 0.519020 0.241250 0.298370
