7 0.203070 0.158430 0.199730 0.106890
6 0.638590 0.536100 0.376750 0.912980
6 0.364340 0.586220 0.220780 0.827510
5 0.365440 0.465740 0.214650 0.274530
5 0.635570 0.567220 0.331470 0.530100
5 0.228890 0.425590 0.125570 0.290590
9 0.367820 0.664870 0.091100 0.094620
9 0.695490 0.806820 0.091100 0.094620
10 0.210990 0.850630 0.082350 0.077090
10 0.269670 0.883040 0.089360 0.096310
10 0.411630 0.952900 0.089360 0.094120
10 0.325750 0.945250 0.089360 0.096310
8 0.546580 0.196110 0.098100 0.026280
8 0.302950 0.232040 0.098100 0.026280
8 0.182010 0.209250 0.098100 0.026280
7 0.571110 0.143510 0.199730 0.106890
7 0.350290 0.181190 0.199770 0.106890
6 0.184710 0.349420 0.208510 0.508170
