2 0.074070 0.438270 0.121360 0.222200
2 0.318930 0.435160 0.100800 0.117240
1 0.129590 0.550380 0.051410 0.088440
1 0.437220 0.432090 0.037030 0.045230
1 0.317880 0.542140 0.037030 0.047240
3 0.102860 0.780870 0.117240 0.072010
3 0.124470 0.754090 0.041150 0.039050
3 0.373450 0.577160 0.049350 0.039050
3 0.278780 0.603480 0.041110 0.069950
6 0.317780 0.484460 0.154310 0.281850
6 0.095580 0.543100 0.158430 0.571980
5 0.749920 0.420690 0.100800 0.154270
3 0.744840 0.660060 0.051410 0.051410
6 0.765350 0.482400 0.152250 0.401190
