6 0.482260 0.576650 0.113120 0.380320
0 0.149230 0.400820 0.042850 0.030120
0 0.276220 0.396060 0.052370 0.039690
0 0.229390 0.419870 0.031720 0.026960
0 0.484140 0.415880 0.052370 0.038090
0 0.374640 0.413500 0.039690 0.033330
0 0.605580 0.385760 0.063450 0.038090
0 0.669860 0.423850 0.033330 0.025410
6 0.383570 0.532110 0.074620 0.291280
6 0.159720 0.557380 0.069760 0.341820
6 0.292100 0.581460 0.108310 0.428470
6 0.059970 0.591070 0.119980 0.495900
2 0.162140 0.498150 0.077680 0.113660
2 0.544150 0.481570 0.038820 0.060380
2 0.672970 0.494530 0.069030 0.094940
5 0.014150 0.651220 0.028340 0.046010
2 0.385760 0.511150 0.052370 0.104740
2 0.480200 0.518290 0.079330 0.128540
2 0.612730 0.521450 0.119020 0.122220
5 0.124740 0.617400 0.048890 0.050350
5 0.347040 0.603020 0.044590 0.050350
2 0.906390 0.508770 0.185670 0.204720
5 0.235520 0.596570 0.034520 0.048890
6 0.677270 0.482860 0.094940 0.143880
5 0.487340 0.441150 0.043170 0.011490
6 0.388050 0.536830 0.100710 0.277680
5 0.606040 0.412360 0.056120 0.017260
6 0.158570 0.544010 0.105010 0.375510
6 0.065960 0.585760 0.131930 0.464730
6 0.613960 0.592950 0.149600 0.481990
6 0.486610 0.571340 0.122270 0.381280
6 0.291650 0.574230 0.135230 0.421560
6 0.871690 0.559120 0.256490 0.661840
6 0.870500 0.550150 0.245230 0.659600
6 0.678510 0.528500 0.091420 0.327350
6 0.606270 0.597120 0.120350 0.474200
0 0.095260 0.407970 0.049160 0.034880
5 0.757110 0.818860 0.079100 0.128040
0 0.857180 0.270680 0.157110 0.087300
0 0.038130 0.384940 0.065050 0.042850
2 0.065090 0.525430 0.128540 0.142820
5 0.039870 0.418860 0.057540 0.018680
5 0.281570 0.423160 0.037400 0.015790
2 0.289720 0.516690 0.101580 0.125380
