6 0.152670 0.538430 0.254800 0.634060
5 0.498790 0.636850 0.179400 0.296730
5 0.144610 0.481530 0.222710 0.283730
7 0.156470 0.300390 0.081440 0.083910
7 0.478640 0.453470 0.088850 0.123410
7 0.800870 0.328820 0.125890 0.125890
7 0.330510 0.411540 0.083910 0.079010
7 0.633010 0.421380 0.081440 0.074070
8 0.342140 0.425960 0.036760 0.024120
8 0.431820 0.396340 0.034420 0.012590
8 0.525980 0.381410 0.041340 0.019500
8 0.628790 0.430210 0.036710 0.013780
8 0.676720 0.386270 0.037310 0.013180
8 0.634840 0.357560 0.035020 0.020050
8 0.968780 0.314210 0.045690 0.032870
3 0.308770 0.688580 0.054840 0.049710
3 0.343420 0.704190 0.041110 0.065140
3 0.699200 0.748780 0.029110 0.065140
3 0.738660 0.748780 0.053150 0.051410
10 0.141080 0.795380 0.054840 0.069210
10 0.209660 0.798350 0.094620 0.057590
10 0.373400 0.845090 0.050350 0.079970
10 0.447470 0.845140 0.068120 0.097830
10 0.828200 0.824350 0.106660 0.097780
6 0.468210 0.645090 0.275490 0.480020
6 0.828200 0.584340 0.272560 0.583700
6 0.341770 0.559720 0.114310 0.348680
6 0.633280 0.583250 0.114310 0.395790
6 0.531110 0.439640 0.112840 0.197160
6 0.411810 0.512520 0.105700 0.337190
6 0.957380 0.495400 0.085190 0.402930
6 0.634700 0.378210 0.057130 0.100020
6 0.043850 0.473240 0.078550 0.444360
6 0.311790 0.338200 0.099980 0.125700
6 0.447520 0.331790 0.054290 0.087160
6 0.401790 0.344660 0.059970 0.098560
6 0.551110 0.297510 0.084280 0.095720
6 0.555410 0.343920 0.052830 0.077130
5 0.634200 0.557240 0.117050 0.201280
5 0.335450 0.537740 0.117050 0.183980
5 0.824670 0.546490 0.233970 0.361230
