4 0.511740 0.620870 0.130830 0.103690
4 0.484600 0.392490 0.150610 0.175280
4 0.737700 0.374000 0.167860 0.192580
4 0.142640 0.806090 0.271550 0.167860
4 0.145110 0.551750 0.177750 0.074020
4 0.322870 0.686340 0.246880 0.140720
4 0.674710 0.796200 0.377750 0.227150
4 0.795700 0.693750 0.204900 0.116040
4 0.907120 0.646830 0.185720 0.239460
2 0.149320 0.670950 0.216210 0.208010
2 0.142820 0.463170 0.112340 0.155600
2 0.314900 0.578210 0.136140 0.127670
2 0.506480 0.536000 0.138700 0.134170
2 0.477230 0.277360 0.092840 0.106020
2 0.627700 0.637770 0.181550 0.190480
2 0.783520 0.595560 0.181550 0.175280
2 0.891870 0.493800 0.103870 0.149320
2 0.734810 0.227560 0.106250 0.106020
5 0.153770 0.735130 0.290040 0.376610
5 0.136370 0.502450 0.233970 0.283540
5 0.335450 0.649670 0.272920 0.357110
5 0.495630 0.568510 0.185900 0.259690
5 0.683960 0.727580 0.514900 0.452370
5 0.798670 0.634520 0.298880 0.318150
5 0.880980 0.597710 0.237950 0.404760
5 0.466420 0.369330 0.227050 0.363610
5 0.752120 0.365030 0.274660 0.450220
