0 0.504100 0.289680 0.030850 0.043170
7 0.366220 0.342140 0.059650 0.139890
0 0.437220 0.275260 0.032910 0.055530
0 0.257180 0.211490 0.030850 0.039050
0 0.379580 0.250580 0.032910 0.043170
5 0.253740 0.385810 0.133350 0.446880
5 0.369790 0.387050 0.083960 0.355500
5 0.441380 0.400640 0.074020 0.333300
0 0.544200 0.227970 0.041110 0.051410
0 0.609020 0.261890 0.047290 0.061710
7 0.254060 0.342140 0.069950 0.152250
7 0.434100 0.353440 0.055530 0.125470
7 0.497920 0.379170 0.051410 0.123460
5 0.494480 0.409290 0.071600 0.296270
5 0.550010 0.390750 0.064180 0.377750
5 0.624080 0.420420 0.103690 0.392580
7 0.553440 0.334950 0.063770 0.133710
7 0.614150 0.365800 0.094620 0.150190
