4 0.586680 0.617810 0.027600 0.039690
4 0.697180 0.614370 0.027600 0.039690
4 0.780090 0.617810 0.027600 0.039690
7 0.536460 0.548870 0.093160 0.156330
7 0.735000 0.552300 0.093160 0.156330
0 0.532980 0.424540 0.052640 0.029660
0 0.741910 0.421100 0.052640 0.029660
0 0.315040 0.397160 0.052640 0.029710
7 0.307580 0.522220 0.093160 0.156330
5 0.747260 0.587640 0.150060 0.428750
5 0.533170 0.598810 0.150100 0.428750
5 0.317330 0.581550 0.150060 0.428750
4 0.351890 0.606550 0.027600 0.039690
4 0.256900 0.605720 0.027600 0.039690
4 0.484820 0.612630 0.027600 0.039690
