7 0.711920 0.413550 0.104920 0.144010
7 0.299750 0.450220 0.140440 0.182010
7 0.523780 0.549650 0.173360 0.207780
7 0.712110 0.414370 0.117050 0.166630
0 0.720760 0.316000 0.091100 0.069440
5 0.702590 0.445370 0.220140 0.393000
5 0.474160 0.572950 0.265420 0.438270
5 0.294120 0.475210 0.172810 0.382700
0 0.280290 0.338610 0.088940 0.067060
0 0.282900 0.343600 0.082310 0.074070
0 0.512340 0.418720 0.088440 0.088440
0 0.716040 0.319940 0.096680 0.063770
7 0.301440 0.450580 0.123460 0.156330
7 0.510280 0.548360 0.158430 0.211900
0 0.510780 0.417850 0.086340 0.082220
