7 0.726160 0.642760 0.106290 0.095260
5 0.411400 0.482720 0.079100 0.171210
5 0.468160 0.310730 0.079100 0.171210
0 0.757890 0.204720 0.058690 0.038090
0 0.366630 0.588880 0.041380 0.044360
0 0.415010 0.417400 0.058690 0.031720
7 0.743600 0.453930 0.090460 0.060290
7 0.360270 0.625360 0.063490 0.073010
7 0.738840 0.222160 0.004760 0.006320
0 0.720580 0.408700 0.057130 0.039640
0 0.718970 0.598350 0.066650 0.053930
7 0.469810 0.272970 0.050770 0.047610
7 0.769010 0.241250 0.090460 0.057130
7 0.417400 0.464230 0.060290 0.077780
0 0.465830 0.242020 0.046010 0.023800
5 0.761000 0.256810 0.079100 0.171210
5 0.727900 0.469760 0.079100 0.171210
5 0.702040 0.666150 0.110690 0.204210
5 0.358160 0.649620 0.079100 0.191350
