5 0.152670 0.538430 0.254800 0.634060
4 0.498790 0.636850 0.179400 0.296730
4 0.144610 0.481530 0.222710 0.283730
2 0.156470 0.300390 0.081440 0.083910
2 0.478640 0.453470 0.088850 0.123410
2 0.800870 0.328820 0.125890 0.125890
2 0.330510 0.411540 0.083910 0.079010
2 0.633010 0.421380 0.081440 0.074070
5 0.468210 0.645090 0.275490 0.480020
5 0.828200 0.584340 0.272560 0.583700
5 0.341770 0.559720 0.114310 0.348680
5 0.633280 0.583250 0.114310 0.395790
5 0.531110 0.439640 0.112840 0.197160
5 0.411810 0.512520 0.105700 0.337190
5 0.957380 0.495400 0.085190 0.402930
5 0.634700 0.378210 0.057130 0.100020
5 0.043850 0.473240 0.078550 0.444360
5 0.311790 0.338200 0.099980 0.125700
5 0.447520 0.331790 0.054290 0.087160
5 0.401790 0.344660 0.059970 0.098560
5 0.551110 0.297510 0.084280 0.095720
5 0.555410 0.343920 0.052830 0.077130
4 0.634200 0.557240 0.117050 0.201280
4 0.335450 0.537740 0.117050 0.183980
4 0.824670 0.546490 0.233970 0.361230
