7 0.462900 0.499980 0.100800 0.205720
7 0.575050 0.585350 0.078190 0.170750
7 0.659420 0.622380 0.082310 0.125470
7 0.852830 0.850770 0.115220 0.170750
7 0.924880 0.800370 0.078190 0.172810
7 0.253060 0.352850 0.154310 0.351840
0 0.906340 0.635750 0.057590 0.074070
0 0.838450 0.710870 0.053470 0.059650
0 0.612090 0.458820 0.078190 0.057590
0 0.525660 0.385760 0.082310 0.129590
0 0.267480 0.085370 0.125470 0.080250
5 0.840150 0.830530 0.175280 0.335770
5 0.928080 0.771250 0.143740 0.444400
5 0.616710 0.671270 0.157980 0.530830
5 0.480890 0.647330 0.177800 0.705240
5 0.236440 0.510780 0.325890 0.955500
