4 0.672510 0.636620 0.054750 0.089450
0 0.280520 0.358340 0.125150 0.100430
7 0.215240 0.573950 0.191620 0.322040
0 0.468350 0.427790 0.103550 0.065920
0 0.607190 0.379580 0.090550 0.064500
0 0.795010 0.401920 0.106480 0.060110
7 0.440330 0.631450 0.174360 0.271600
7 0.625910 0.578850 0.203110 0.264550
7 0.837400 0.617030 0.182930 0.283130
4 0.284690 0.563330 0.089450 0.087020
4 0.472370 0.598120 0.086980 0.077090
4 0.522130 0.659050 0.077090 0.059650
4 0.585530 0.627970 0.064550 0.077090
4 0.779450 0.785810 0.059650 0.109360
4 0.948590 0.763380 0.059650 0.109410
5 0.227510 0.571980 0.266560 0.493710
5 0.478600 0.599360 0.266560 0.493710
5 0.640240 0.576970 0.266560 0.493710
5 0.854020 0.591900 0.266560 0.493710
