7 0.612410 0.558430 0.090910 0.203660
7 0.758620 0.619040 0.166860 0.363840
0 0.503230 0.422060 0.058640 0.056030
0 0.551930 0.418810 0.065090 0.049530
0 0.615660 0.433010 0.054110 0.051910
0 0.780270 0.400410 0.084180 0.082440
5 0.754310 0.595240 0.196750 0.428340
5 0.606040 0.554090 0.103690 0.311470
5 0.575740 0.572490 0.112750 0.365580
5 0.493480 0.573590 0.112750 0.359080
5 0.412410 0.565990 0.157980 0.422250
0 0.417720 0.399220 0.064680 0.054110
7 0.422060 0.587640 0.125750 0.309730
7 0.502040 0.582100 0.103870 0.272690
7 0.549650 0.564930 0.086560 0.255620
