5 0.548360 0.615200 0.181050 0.604900
5 0.777750 0.681070 0.129590 0.444400
5 0.846690 0.613140 0.251000 0.629620
4 0.882720 0.505150 0.232500 0.244820
4 0.101850 0.511330 0.181050 0.285970
7 0.775970 0.640560 0.157790 0.233740
7 0.686110 0.551930 0.203660 0.272920
7 0.533530 0.502270 0.188050 0.251040
7 0.377660 0.549740 0.196750 0.302770
7 0.233830 0.588600 0.181780 0.277040
5 0.092560 0.617260 0.150190 0.687210
5 0.233550 0.665640 0.176930 0.561680
5 0.371390 0.636800 0.193410 0.578160
5 0.671820 0.634740 0.144010 0.541130
