7 0.875440 0.570660 0.238130 0.226960
5 0.157660 0.551570 0.248160 0.539530
0 0.542870 0.442110 0.103180 0.128540
0 0.184160 0.313530 0.112660 0.074570
0 0.730970 0.380180 0.057130 0.074570
0 0.780180 0.403980 0.111100 0.077780
7 0.335730 0.512750 0.288810 0.196750
4 0.513160 0.479610 0.047930 0.055120
5 0.859690 0.567730 0.280520 0.442440
7 0.563610 0.453510 0.302130 0.194230
5 0.391490 0.604300 0.454430 0.465190
7 0.179400 0.532570 0.176200 0.299980
4 0.189430 0.369280 0.081530 0.031130
4 0.709220 0.435250 0.044360 0.052740
4 0.786590 0.460430 0.103090 0.045550
