0 0.180000 0.087390 0.127530 0.072010
0 0.333300 0.211900 0.072010 0.111100
0 0.440280 0.255120 0.063770 0.119300
5 0.171250 0.474710 0.200000 0.920940
5 0.324330 0.480890 0.120940 0.716040
5 0.434200 0.485830 0.118520 0.597530
5 0.555180 0.511790 0.143240 0.585120
5 0.695950 0.490780 0.128360 0.716040
5 0.853970 0.587050 0.172810 0.676540
7 0.428980 0.407370 0.115180 0.246880
7 0.314810 0.390890 0.113160 0.283910
7 0.177940 0.369330 0.148130 0.360080
0 0.884730 0.347720 0.080250 0.086380
0 0.707800 0.196480 0.063770 0.096680
0 0.567860 0.285970 0.059650 0.074070
7 0.554500 0.473200 0.119300 0.242760
7 0.703690 0.402240 0.117240 0.277780
7 0.862120 0.546260 0.146070 0.302450
