5 0.225090 0.503230 0.129640 0.469900
5 0.335450 0.486880 0.064680 0.385260
5 0.397160 0.633100 0.162100 0.651270
5 0.549780 0.540030 0.078100 0.465140
5 0.674340 0.622250 0.136320 0.487210
0 0.362650 0.323780 0.030170 0.041250
0 0.444170 0.321860 0.054110 0.067430
0 0.481530 0.403890 0.039690 0.044450
0 0.544840 0.413960 0.039690 0.044400
0 0.688030 0.424030 0.049810 0.044450
7 0.238360 0.439090 0.094850 0.182650
7 0.346990 0.441290 0.050310 0.123740
7 0.488030 0.498880 0.061710 0.123740
7 0.564980 0.489490 0.094850 0.123740
0 0.254700 0.304740 0.039640 0.044450
7 0.391670 0.533390 0.102080 0.270500
7 0.667840 0.561460 0.094850 0.197120
