2 0.448570 0.460650 0.086380 0.088850
4 0.130880 0.588650 0.251040 0.354960
4 0.208790 0.548590 0.147170 0.274850
4 0.340810 0.628700 0.298700 0.305150
4 0.421970 0.487980 0.144980 0.157980
4 0.509640 0.607050 0.281350 0.348460
4 0.705520 0.471780 0.162330 0.346300
4 0.808330 0.449030 0.216430 0.378760
2 0.806590 0.223620 0.135770 0.098740
2 0.693020 0.247060 0.096270 0.101210
2 0.218910 0.406320 0.076540 0.083910
2 0.085600 0.376700 0.096270 0.074020
2 0.334950 0.468070 0.071600 0.073980
5 0.825090 0.529820 0.209840 0.685150
5 0.684140 0.496910 0.166630 0.602840
5 0.504100 0.591580 0.185170 0.273660
5 0.406360 0.641980 0.343600 0.423850
5 0.104920 0.569920 0.209890 0.444400
5 0.215010 0.445460 0.129590 0.129590
5 0.397120 0.452690 0.119300 0.139890
