7 0.829110 0.676260 0.134170 0.292200
0 0.712020 0.508770 0.064910 0.056260
0 0.814920 0.505380 0.071180 0.058180
0 0.925290 0.504330 0.062530 0.060790
7 0.077780 0.658090 0.086560 0.207780
7 0.113620 0.635250 0.058640 0.227050
7 0.149320 0.648160 0.073790 0.209930
7 0.201280 0.655800 0.099340 0.194550
0 0.687210 0.515130 0.062530 0.052140
7 0.250950 0.638500 0.069260 0.216660
7 0.287750 0.659050 0.086560 0.218400
7 0.319250 0.662300 0.067290 0.250860
7 0.360360 0.679650 0.114490 0.255620
7 0.400320 0.655800 0.064910 0.281570
7 0.444910 0.667610 0.093060 0.287850
7 0.540120 0.680700 0.097370 0.278970
7 0.623250 0.678460 0.095220 0.279190
0 0.606040 0.516090 0.052140 0.054110
0 0.583340 0.502270 0.054290 0.051910
7 0.589790 0.671090 0.067290 0.277040
0 0.525930 0.520440 0.065140 0.067060
0 0.444770 0.498880 0.053880 0.036580
0 0.374410 0.504420 0.065140 0.064910
0 0.355050 0.529090 0.060610 0.054110
0 0.305150 0.512980 0.039140 0.047840
0 0.283630 0.536780 0.056260 0.047380
0 0.242530 0.508770 0.043260 0.047610
0 0.204390 0.537740 0.045410 0.054110
0 0.191440 0.527030 0.049760 0.053880
0 0.142820 0.522730 0.047380 0.045230
0 0.104970 0.499980 0.041340 0.038730
0 0.069260 0.528130 0.043490 0.038730
7 0.721860 0.675300 0.110550 0.290230
5 0.927440 0.644040 0.145020 0.362100
5 0.820970 0.661520 0.117240 0.364160
5 0.722220 0.659460 0.129590 0.347720
5 0.612130 0.655340 0.123410 0.347720
5 0.514400 0.645040 0.055530 0.306570
5 0.446510 0.650220 0.076080 0.329180
5 0.358020 0.656350 0.088440 0.325060
5 0.291140 0.631680 0.065830 0.230440
5 0.200600 0.634740 0.065830 0.257180
5 0.124470 0.620370 0.057590 0.244820
5 0.070950 0.622430 0.086380 0.281850
