5 0.375650 0.599680 0.166630 0.675300
5 0.115770 0.488080 0.210160 0.729180
5 0.207780 0.565990 0.194960 0.586720
4 0.890680 0.591940 0.210160 0.344340
4 0.123460 0.369150 0.220740 0.335450
5 0.885150 0.681800 0.168830 0.584160
7 0.746810 0.717420 0.131700 0.241250
7 0.384070 0.465050 0.171440 0.234880
7 0.552350 0.481710 0.155550 0.249160
7 0.688850 0.584890 0.155500 0.255530
7 0.207920 0.514260 0.177750 0.323780
5 0.750970 0.708770 0.142820 0.357150
5 0.685150 0.550840 0.106020 0.378580
5 0.550840 0.581140 0.166450 0.612310
