7 0.909960 0.595240 0.180040 0.362100
5 0.914210 0.609290 0.170340 0.770340
5 0.209290 0.500940 0.261710 0.998080
5 0.394460 0.574690 0.172810 0.844400
5 0.557430 0.629020 0.172810 0.716040
7 0.729370 0.661070 0.172810 0.325110
7 0.545200 0.568460 0.146070 0.304510
7 0.395010 0.554090 0.137830 0.415610
7 0.218080 0.599360 0.199590 0.650170
5 0.729050 0.672560 0.160490 0.654890
0 0.945430 0.322590 0.102860 0.129590
0 0.738660 0.428560 0.092560 0.106940
0 0.583290 0.383290 0.086380 0.156370
0 0.437220 0.265000 0.094620 0.162510
0 0.234520 0.107580 0.170790 0.127530
