7 0.091970 0.398260 0.157790 0.311470
7 0.185030 0.429620 0.140440 0.331380
7 0.307350 0.391670 0.120990 0.246740
7 0.350510 0.433970 0.112520 0.296730
7 0.474110 0.395970 0.142820 0.246740
7 0.614790 0.357110 0.147170 0.195010
7 0.683860 0.587640 0.164480 0.248660
7 0.915500 0.483730 0.168920 0.331330
2 0.911100 0.285600 0.074390 0.073430
2 0.093520 0.210800 0.102400 0.077410
2 0.190480 0.248430 0.066650 0.066650
2 0.323230 0.268710 0.055940 0.057130
2 0.355370 0.274070 0.036900 0.036900
2 0.490000 0.253790 0.055940 0.058320
2 0.609020 0.250810 0.048800 0.040470
2 0.673290 0.485420 0.053560 0.059510
5 0.076220 0.472790 0.152440 0.591530
5 0.172440 0.443530 0.139990 0.481480
5 0.303180 0.473520 0.118560 0.458640
5 0.352480 0.327080 0.048570 0.139990
5 0.472510 0.439960 0.122870 0.414370
5 0.593960 0.412770 0.125750 0.385810
5 0.678280 0.577110 0.162870 0.262900
5 0.891870 0.504230 0.175740 0.488670
