7 0.407600 0.385490 0.079100 0.166580
0 0.532340 0.293750 0.044400 0.029890
5 0.813780 0.419230 0.136320 0.469630
5 0.695450 0.405450 0.136320 0.469630
0 0.484370 0.226600 0.044400 0.029890
0 0.408830 0.267340 0.044400 0.051450
0 0.598860 0.279930 0.035930 0.045410
0 0.663630 0.246970 0.040790 0.046650
7 0.798540 0.346490 0.079100 0.166580
5 0.400230 0.433050 0.136320 0.469630
5 0.476170 0.415790 0.136320 0.469630
5 0.609110 0.418450 0.084500 0.357430
0 0.794320 0.210390 0.044400 0.029890
7 0.678640 0.356100 0.079100 0.166580
7 0.603110 0.370470 0.079100 0.166580
7 0.532340 0.389650 0.079100 0.166580
7 0.480800 0.354910 0.079100 0.166580
