0 0.874430 0.188280 0.078100 0.073330
7 0.885150 0.334400 0.178710 0.388880
7 0.900850 0.381510 0.113530 0.309130
7 0.667750 0.303000 0.169050 0.282580
7 0.462440 0.310230 0.135230 0.224630
7 0.381510 0.315080 0.118330 0.210120
7 0.255390 0.357110 0.155600 0.268620
7 0.171070 0.324650 0.290040 0.346070
0 0.919890 0.073560 0.121400 0.112340
0 0.664360 0.122270 0.086560 0.084600
0 0.465370 0.176520 0.073790 0.097370
0 0.400410 0.161230 0.073790 0.088940
0 0.265140 0.182880 0.084600 0.075940
0 0.144980 0.117970 0.095450 0.088490
5 0.146760 0.430760 0.207320 0.753080
5 0.917190 0.436940 0.128360 0.750610
5 0.257950 0.403620 0.098790 0.565440
5 0.656720 0.377660 0.204900 0.592580
5 0.472740 0.394960 0.113570 0.528400
5 0.391210 0.376420 0.093750 0.525840
