5 0.562100 0.481850 0.239550 0.572170
7 0.387320 0.544880 0.112790 0.063580
7 0.462810 0.443630 0.105560 0.141450
7 0.352480 0.430400 0.105560 0.141450
0 0.588650 0.264320 0.091050 0.065920
0 0.485600 0.333350 0.059970 0.039510
0 0.456170 0.350650 0.061020 0.050400
0 0.128910 0.330330 0.068350 0.047880
0 0.369280 0.335730 0.091050 0.065920
5 0.136320 0.501580 0.154590 0.412730
5 0.337290 0.488080 0.121450 0.356790
5 0.461620 0.424900 0.113210 0.213870
5 0.656400 0.494350 0.175330 0.439690
4 0.544560 0.477640 0.149190 0.285920
4 0.123870 0.498470 0.149140 0.285880
4 0.655340 0.407320 0.093250 0.190620
4 0.072140 0.532570 0.053790 0.035200
4 0.194320 0.519160 0.053790 0.035200
4 0.675030 0.500530 0.053790 0.035200
4 0.471960 0.555410 0.053790 0.049710
