0 0.950610 0.166670 0.092560 0.106940
7 0.836390 0.242760 0.094620 0.242760
7 0.637860 0.694440 0.285970 0.343600
7 0.345660 0.648160 0.133710 0.320940
7 0.273660 0.355960 0.121400 0.312750
7 0.212950 0.275720 0.090550 0.251000
0 0.792170 0.403300 0.150190 0.226320
0 0.846690 0.672830 0.123460 0.251000
0 0.420780 0.478370 0.086380 0.125470
0 0.344660 0.411540 0.106940 0.086380
0 0.687250 0.094620 0.076130 0.082260
0 0.297320 0.137830 0.094620 0.123410
0 0.190300 0.094620 0.078190 0.078190
5 0.947540 0.265090 0.093800 0.316040
5 0.836440 0.163840 0.128360 0.251820
5 0.856490 0.428060 0.286980 0.316040
5 0.700620 0.261390 0.162920 0.441930
5 0.187050 0.165070 0.133300 0.229620
5 0.282120 0.347810 0.150560 0.555550
5 0.395700 0.642850 0.234520 0.429620
5 0.698150 0.699660 0.395060 0.409840
