7 0.653650 0.559490 0.086340 0.080290
7 0.560590 0.570340 0.047380 0.080290
7 0.439460 0.540030 0.056260 0.075940
7 0.401510 0.548680 0.040880 0.071180
7 0.029210 0.569150 0.058180 0.160130
7 0.848340 0.533390 0.242440 0.365760
7 0.234840 0.498880 0.231360 0.370340
0 0.448020 0.505380 0.060380 0.058180
0 0.411220 0.518470 0.043080 0.054110
0 0.564930 0.517280 0.047380 0.043080
0 0.652460 0.506480 0.054110 0.056440
0 0.017260 0.437080 0.034520 0.099520
0 0.693710 0.403660 0.145200 0.197160
0 0.396060 0.334400 0.117100 0.171160
5 0.786910 0.569330 0.409060 0.541080
5 0.277040 0.528130 0.368140 0.571210
