0 0.188920 0.168280 0.112660 0.044450
0 0.502400 0.151610 0.104740 0.065050
0 0.733350 0.126990 0.119020 0.069810
7 0.506110 0.490680 0.187780 0.493570
7 0.209930 0.489450 0.187780 0.493570
7 0.729920 0.465370 0.187780 0.493570
5 0.207600 0.508770 0.235890 0.751060
5 0.503640 0.482220 0.235890 0.751060
5 0.754090 0.462990 0.235890 0.751060
5 0.201740 0.499430 0.286290 0.723690
5 0.503140 0.480020 0.218680 0.739530
5 0.739120 0.462710 0.215790 0.791390
4 0.489490 0.337560 0.076220 0.066150
7 0.203160 0.538250 0.231630 0.545300
7 0.503180 0.487890 0.169740 0.507900
7 0.729050 0.465600 0.166900 0.497830
