4 0.455620 0.493480 0.066830 0.112750
5 0.372260 0.353860 0.164710 0.383290
5 0.453330 0.481570 0.088720 0.192400
5 0.511880 0.516090 0.071180 0.296500
5 0.646190 0.558430 0.240240 0.588970
5 0.700210 0.472920 0.140900 0.322270
4 0.386360 0.348550 0.149100 0.255390
4 0.512980 0.476260 0.081990 0.129870
4 0.688300 0.512980 0.112340 0.263810
0 0.681800 0.356050 0.095450 0.093250
0 0.619130 0.346300 0.099520 0.077680
0 0.573590 0.357240 0.038730 0.056260
0 0.504330 0.424220 0.052140 0.051730
0 0.454520 0.426370 0.052140 0.047380
0 0.386360 0.215240 0.066830 0.067110
7 0.562740 0.482670 0.047790 0.159950
7 0.642850 0.545430 0.211900 0.302770
