5 0.942180 0.555690 0.115590 0.239460
5 0.841150 0.564340 0.204900 0.286380
5 0.625090 0.559400 0.133300 0.227150
5 0.513980 0.595240 0.276540 0.328360
5 0.196700 0.637170 0.328400 0.446880
2 0.932480 0.463130 0.076540 0.083910
2 0.859650 0.468070 0.113570 0.093800
2 0.616480 0.482860 0.101210 0.054290
2 0.490550 0.461890 0.120990 0.091330
2 0.162100 0.500160 0.160490 0.108630
4 0.910410 0.570890 0.179080 0.304460
4 0.851730 0.563010 0.271640 0.299200
4 0.540030 0.616800 0.359580 0.265050
4 0.227700 0.688300 0.364800 0.308400
