5 0.578070 0.458730 0.065830 0.213960
5 0.219040 0.577070 0.121360 0.236620
0 0.667700 0.412630 0.075940 0.077910
0 0.589700 0.398580 0.058410 0.054110
0 0.535680 0.367180 0.071180 0.064910
0 0.489040 0.384160 0.086560 0.071180
0 0.291000 0.413410 0.054110 0.060790
0 0.190570 0.521630 0.069260 0.047790
7 0.283540 0.515040 0.073330 0.129870
7 0.202330 0.598580 0.092840 0.140670
7 0.098470 0.529180 0.123140 0.123140
7 0.655800 0.524970 0.151710 0.170980
7 0.565900 0.495630 0.084370 0.151710
7 0.479510 0.523780 0.132020 0.173360
5 0.100710 0.633650 0.164570 0.386820
5 0.480340 0.612040 0.117240 0.524650
5 0.716960 0.612040 0.211900 0.458820
