0 0.865920 0.225410 0.158710 0.155550
0 0.719840 0.220650 0.139670 0.120620
0 0.471460 0.150840 0.128540 0.161870
0 0.337330 0.105560 0.133300 0.074570
5 0.663310 0.552800 0.274430 0.820870
7 0.708720 0.702400 0.358710 0.588880
7 0.646050 0.658780 0.226920 0.463490
7 0.377800 0.544430 0.299980 0.511060
7 0.133350 0.459560 0.265140 0.566720
5 0.226370 0.466190 0.447150 0.922000
5 0.370520 0.518840 0.441980 0.961680
5 0.741730 0.564750 0.479970 0.870450
5 0.582060 0.567320 0.454060 0.865280
5 0.356370 0.517970 0.339350 0.943740
5 0.208880 0.504690 0.417760 0.989380
5 0.757200 0.579310 0.356240 0.811260
