5 0.855440 0.449620 0.289040 0.603480
7 0.359080 0.436990 0.124700 0.241060
7 0.486240 0.348870 0.112750 0.223120
7 0.435250 0.406450 0.204990 0.316550
7 0.599500 0.366900 0.204990 0.316550
7 0.836900 0.428020 0.205040 0.316550
7 0.291330 0.502360 0.205040 0.316550
0 0.363290 0.193590 0.077780 0.111470
0 0.305750 0.269760 0.068250 0.079100
0 0.438820 0.206230 0.068250 0.079100
0 0.770980 0.218220 0.082670 0.079100
0 0.531150 0.202610 0.068210 0.079100
0 0.210390 0.290140 0.068250 0.079100
7 0.112060 0.507160 0.224170 0.316550
5 0.624670 0.460110 0.290230 0.623350
0 0.026370 0.260150 0.052690 0.079100
5 0.350150 0.569600 0.366220 0.677640
5 0.201880 0.598080 0.403750 0.803750
