5 0.389520 0.422200 0.040010 0.085690
5 0.451640 0.440790 0.075720 0.128590
5 0.552390 0.489360 0.120030 0.277180
5 0.661710 0.504370 0.138570 0.250030
5 0.789610 0.490820 0.142870 0.288620
5 0.343790 0.506520 0.102860 0.265740
5 0.216620 0.564390 0.140080 0.441520
4 0.796520 0.534580 0.181600 0.272510
2 0.755370 0.364710 0.041660 0.050580
2 0.676490 0.411350 0.046600 0.046600
2 0.541040 0.387050 0.053560 0.039690
2 0.445780 0.404900 0.039690 0.037670
2 0.396150 0.413370 0.035710 0.040650
2 0.353990 0.397940 0.040650 0.033740
2 0.248020 0.392900 0.048620 0.038680
4 0.339800 0.529090 0.143050 0.276810
4 0.675390 0.555280 0.138520 0.283540
4 0.548680 0.527120 0.149550 0.240240
4 0.455710 0.522730 0.097370 0.209700
4 0.222930 0.531330 0.142600 0.231820
