5 0.578670 0.453740 0.120990 0.681440
7 0.746900 0.511280 0.150190 0.302450
7 0.595650 0.375460 0.102860 0.281900
7 0.463950 0.412500 0.119300 0.244820
7 0.353860 0.371340 0.121360 0.216020
7 0.234520 0.355920 0.121360 0.255120
7 0.082260 0.329180 0.137830 0.308630
0 0.768460 0.296270 0.102860 0.127530
0 0.599770 0.162510 0.061710 0.123410
5 0.461390 0.456210 0.113570 0.558020
5 0.355180 0.426550 0.093800 0.558020
5 0.236670 0.416710 0.108630 0.632090
0 0.473200 0.248940 0.067890 0.098740
5 0.088530 0.442620 0.158020 0.812310
0 0.352850 0.224260 0.078190 0.106980
0 0.241750 0.178990 0.074070 0.098740
0 0.076080 0.089450 0.080200 0.067890
5 0.732980 0.559900 0.182700 0.691330
