5 0.516410 0.562690 0.234880 0.313760
5 0.708450 0.561000 0.166310 0.224580
5 0.877360 0.543010 0.198900 0.216020
4 0.873470 0.600640 0.222930 0.179860
4 0.724010 0.603890 0.253420 0.203660
4 0.528130 0.608100 0.276810 0.238090
4 0.322500 0.639600 0.220970 0.278970
4 0.162420 0.651500 0.272690 0.272920
5 0.142600 0.582420 0.245180 0.370340
2 0.871370 0.479560 0.104550 0.092560
2 0.706750 0.485600 0.111420 0.087530
2 0.518150 0.447840 0.132020 0.094250
2 0.302950 0.452960 0.116590 0.084000
2 0.174360 0.443580 0.130280 0.116550
5 0.320070 0.575560 0.185170 0.284600
