5 0.120120 0.665550 0.227470 0.465550
5 0.178530 0.522730 0.197160 0.356880
5 0.332340 0.561780 0.162330 0.482670
5 0.504420 0.544340 0.220740 0.356880
5 0.448020 0.329000 0.147400 0.172900
5 0.765120 0.455620 0.209700 0.465550
7 0.442800 0.418950 0.101580 0.133260
7 0.457910 0.598350 0.157110 0.298370
7 0.315040 0.629300 0.182510 0.322180
7 0.159490 0.588050 0.163470 0.239690
7 0.124560 0.737290 0.236480 0.246010
0 0.720580 0.249940 0.066650 0.055530
0 0.572950 0.423760 0.142820 0.136510
0 0.461070 0.302360 0.119020 0.087300
0 0.311060 0.386450 0.126940 0.099980
0 0.172950 0.392810 0.158710 0.119020
0 0.055530 0.515820 0.107900 0.114260
