4 0.369150 0.695490 0.044860 0.069030
4 0.222380 0.686880 0.044860 0.069030
4 0.495170 0.681710 0.044860 0.069080
5 0.296640 0.609200 0.155410 0.515040
5 0.436480 0.631630 0.155410 0.515040
7 0.725380 0.610440 0.165800 0.232680
7 0.422890 0.589700 0.165760 0.232680
7 0.547220 0.593870 0.165760 0.232680
4 0.809430 0.692060 0.044860 0.069080
0 0.439460 0.419820 0.087940 0.051450
0 0.557560 0.409480 0.087940 0.051450
0 0.723320 0.428110 0.087940 0.051450
4 0.655760 0.698970 0.044860 0.069080
4 0.622930 0.695540 0.044860 0.069080
5 0.740580 0.623250 0.197480 0.508130
5 0.574590 0.616340 0.155410 0.515040
0 0.298190 0.385260 0.087940 0.051450
7 0.293480 0.577620 0.165760 0.232680
