5 0.726300 0.343560 0.060520 0.170660
4 0.371340 0.444400 0.193410 0.271600
4 0.585350 0.481440 0.181050 0.213960
4 0.858000 0.374460 0.076130 0.119300
4 0.974780 0.395010 0.050400 0.156330
4 0.063260 0.352850 0.126530 0.203660
4 0.214970 0.405310 0.139890 0.218080
5 0.767960 0.348040 0.044590 0.157750
2 0.575100 0.297320 0.090500 0.059650
2 0.396110 0.253060 0.119300 0.106980
2 0.224260 0.231450 0.076130 0.067890
2 0.030350 0.203710 0.060700 0.074070
2 0.862120 0.289080 0.051410 0.055530
2 0.945480 0.289080 0.036990 0.034970
5 0.844400 0.414050 0.100210 0.293710
5 0.202380 0.404120 0.143880 0.406820
5 0.384480 0.407100 0.224260 0.390940
5 0.589880 0.438360 0.194460 0.340350
