2 0.330140 0.280930 0.117460 0.061890
4 0.116640 0.614240 0.220600 0.438090
4 0.339670 0.582510 0.220600 0.438090
4 0.601560 0.552350 0.220600 0.438090
4 0.825360 0.547590 0.220600 0.438090
5 0.107120 0.534080 0.211080 0.687300
5 0.340440 0.555500 0.252370 0.647610
5 0.561090 0.533300 0.160270 0.676170
5 0.780910 0.503140 0.273010 0.746030
5 0.961870 0.485650 0.073010 0.349190
5 0.201560 0.353950 0.057130 0.111100
5 0.263450 0.356330 0.047610 0.077780
5 0.450770 0.453930 0.066650 0.279330
5 0.509500 0.364250 0.044400 0.106290
2 0.068210 0.219820 0.117460 0.061890
2 0.585670 0.214240 0.117420 0.061890
2 0.738020 0.161870 0.206410 0.080930
2 0.945980 0.312660 0.066700 0.046010
2 0.203160 0.288850 0.117460 0.061890
2 0.274570 0.309500 0.117420 0.061890
